%YAML:1.0
model_type: PINHOLE
camera_name: "sample"
image_width: 640
image_height: 480
distortion_parameters:
   k1: 0.0
   k2: 0.0
   p1: 0.0
   p2: 0.0
projection_parameters:
   fx: 393.69464111328125
   fy: 393.69464111328125
   cx: 319.91021728515625
   cy: 241.13204956054688





# %YAML:1.0
# model_type: PINHOLE
# camera_name: "sample"
# image_width: 752
# image_height: 480
# distortion_parameters:
#    k1: -0.260607
#    k2: 0.053823
#    p1: -0.000793
#    p2: -0.000622
# projection_parameters:
#    fx: 367.612580
#    fy: 367.890163
#    cx: 369.042951
#    cy: 236.542114
